  0.002500  0.255102
  0.005000  0.138889
  0.007500  0.098864
  0.010000  0.069441
  0.012500  0.056315
  0.015000  0.055150
  0.017500  0.042552
  0.020000  0.034294
  0.022500  0.034179
  0.025000  0.028658
  0.027500  0.028748
  0.030000  0.027153
  0.032500  0.027343
  0.035000  0.018787
  0.037500  0.019209
  0.042500  0.016784
  0.045000  0.012755
  0.050000  0.014869
  0.055000  0.011090
  0.057500  0.011726
  0.060000  0.011666
  0.062500  0.009134
  0.065000  0.008361
  0.067500  0.007515
  0.070000  0.008531
  0.075000  0.010022
  0.077500  0.009142
  0.080000  0.011090
  0.082500  0.006864
  0.085000  0.008087
  0.087500  0.006911
  0.090000  0.008686
  0.092500  0.007714
  0.095000  0.006817
  0.097500  0.005902
  0.100000  0.006274
  0.102500  0.003001
  0.105000  0.007747
  0.107500  0.006576
  0.110000  0.005772
  0.112500  0.006968
  0.115000  0.006651
  0.117500  0.004670
  0.120000  0.006006
  0.122500  0.002486
  0.125000  0.004988
  0.127500  0.004768
  0.130000  0.005017
  0.132500  0.004648
  0.135000  0.003909
  0.137500  0.005703
  0.140000  0.004101
  0.142500  0.002210
  0.145000  0.004579
  0.147500  0.002226
  0.150000  0.003755
  0.152500  0.003420
  0.155000  0.004524
  0.157500  0.004251
  0.160000  0.004111
  0.162500  0.004753
  0.165000  0.004691
  0.167500  0.003420
  0.170000  0.003110
  0.172500  0.003880
  0.175000  0.003383
  0.177500  0.003948
  0.180000  0.004217
  0.182500  0.003659
  0.185000  0.002924
  0.187500  0.003190
  0.190000  0.003396
  0.192500  0.002792
  0.195000  0.003048
  0.197500  0.003990
  0.200000  0.002844
  0.202500  0.003501
  0.205000  0.003270
  0.207500  0.004024
  0.210000  0.003958
  0.212500  0.002561
  0.215000  0.003075
  0.217500  0.002793
  0.220000  0.004060
  0.222500  0.003347
  0.225000  0.002949
  0.227500  0.003182
  0.230000  0.003295
  0.232500  0.002604
  0.235000  0.003382
  0.237500  0.003072
  0.240000  0.002697
  0.242500  0.002624
  0.245000  0.003117
  0.247500  0.002887
  0.250000  0.002958
  0.252500  0.003082
  0.255000  0.002968
  0.257500  0.003209
  0.260000  0.003489
  0.262500  0.002678
  0.265000  0.003768
  0.267500  0.003063
  0.270000  0.002867
  0.272500  0.002524
  0.275000  0.002908
  0.277500  0.002087
  0.280000  0.003598
  0.282500  0.002648
  0.285000  0.002451
  0.287500  0.003763
  0.290000  0.002749
  0.292500  0.002525
  0.295000  0.002750
  0.297500  0.002912
  0.300000  0.002653
  0.302500  0.002726
  0.305000  0.002277
  0.307500  0.002429
  0.310000  0.002388
  0.312500  0.002637
  0.315000  0.002714
  0.317500  0.002140
  0.320000  0.002125
  0.322500  0.003109
  0.325000  0.002728
  0.327500  0.001821
  0.330000  0.002700
  0.332500  0.002642
  0.335000  0.002443
  0.337500  0.002455
  0.340000  0.002963
  0.342500  0.002639
  0.345000  0.002473
  0.347500  0.002664
  0.350000  0.002382
  0.352500  0.002730
  0.355000  0.002365
  0.357500  0.002261
  0.360000  0.001893
  0.362500  0.002618
  0.365000  0.002025
  0.367500  0.002864
  0.370000  0.003102
  0.372500  0.002149
  0.375000  0.002576
  0.377500  0.002395
  0.380000  0.001943
  0.382500  0.002177
  0.385000  0.002324
  0.387500  0.002693
  0.390000  0.002228
  0.392500  0.002072
  0.395000  0.002471
  0.397500  0.002612
  0.400000  0.002250
  0.402500  0.002684
  0.405000  0.002490
  0.407500  0.001917
  0.410000  0.002486
  0.412500  0.002231
  0.415000  0.001388
  0.417500  0.002145
  0.420000  0.002322
  0.422500  0.002021
  0.425000  0.002376
  0.427500  0.002904
  0.430000  0.002781
  0.432500  0.002340
  0.435000  0.002333
  0.437500  0.002124
  0.440000  0.002387
  0.442500  0.002676
  0.445000  0.002421
  0.447500  0.002463
  0.450000  0.002087
  0.452500  0.001823
  0.455000  0.002637
  0.457500  0.002566
  0.460000  0.002430
  0.462500  0.002484
  0.465000  0.001976
  0.467500  0.003034
  0.470000  0.002797
  0.472500  0.002528
  0.475000  0.001983
  0.477500  0.002516
  0.480000  0.002515
  0.482500  0.002154
  0.485000  0.001858
  0.487500  0.002590
  0.490000  0.002717
  0.492500  0.002434
  0.495000  0.002384
  0.497500  0.002001
  0.500000  0.002148
  0.502500  0.002312
  0.505000  0.002560
  0.507500  0.001958
  0.510000  0.001993
  0.512500  0.001920
  0.515000  0.002408
  0.517500  0.002788
  0.520000  0.002113
  0.522500  0.002282
  0.525000  0.002158
  0.527500  0.002105
  0.530000  0.002511
  0.532500  0.002719
  0.535000  0.002623
  0.537500  0.002538
  0.540000  0.002291
  0.542500  0.002074
  0.545000  0.002178
  0.547500  0.002808
  0.550000  0.002858
  0.552500  0.002360
  0.555000  0.002795
  0.557500  0.001922
  0.560000  0.002135
  0.562500  0.002601
  0.565000  0.002591
  0.567500  0.002542
  0.570000  0.002903
  0.572500  0.002494
  0.575000  0.002409
  0.577500  0.002414
  0.580000  0.002677
  0.582500  0.002363
  0.585000  0.002704
  0.587500  0.002282
  0.590000  0.002254
  0.592500  0.002675
  0.595000  0.002320
  0.597500  0.002144
  0.600000  0.002962
  0.602500  0.002555
  0.605000  0.002975
  0.607500  0.002650
  0.610000  0.003205
  0.612500  0.002287
  0.615000  0.002360
  0.617500  0.002411
  0.620000  0.003372
  0.622500  0.002277
  0.625000  0.003196
  0.627500  0.003105
  0.630000  0.002961
  0.632500  0.002867
  0.635000  0.002618
  0.637500  0.002505
  0.640000  0.003065
  0.642500  0.002645
  0.645000  0.002325
  0.647500  0.002876
  0.650000  0.002975
  0.652500  0.002528
  0.655000  0.002443
  0.657500  0.002679
  0.660000  0.003021
  0.662500  0.003017
  0.665000  0.003079
  0.667500  0.003343
  0.670000  0.002724
  0.672500  0.003002
  0.675000  0.002954
  0.677500  0.002592
  0.680000  0.002921
  0.682500  0.003005
  0.685000  0.003056
  0.687500  0.003105
  0.690000  0.003201
  0.692500  0.003440
  0.695000  0.002630
  0.697500  0.002219
  0.700000  0.003456
  0.702500  0.003130
  0.705000  0.002742
  0.707500  0.002681
  0.710000  0.003256
  0.712500  0.002939
  0.715000  0.003228
  0.717500  0.003165
  0.720000  0.003628
  0.722500  0.002992
  0.725000  0.003408
  0.727500  0.002741
  0.730000  0.003456
  0.732500  0.004254
  0.735000  0.003466
  0.737500  0.003435
  0.740000  0.003000
  0.742500  0.003287
  0.745000  0.003161
  0.747500  0.003218
  0.750000  0.003453
  0.752500  0.003574
  0.755000  0.003398
  0.757500  0.003604
  0.760000  0.003692
  0.762500  0.003895
  0.765000  0.003841
  0.767500  0.003605
  0.770000  0.003884
  0.772500  0.004098
  0.775000  0.003939
  0.777500  0.003417
  0.780000  0.003426
  0.782500  0.003501
  0.785000  0.004500
  0.787500  0.003278
  0.790000  0.004050
  0.792500  0.003953
  0.795000  0.003876
  0.797500  0.003629
  0.800000  0.004137
  0.802500  0.004697
  0.805000  0.003766
  0.807500  0.004295
  0.810000  0.004240
  0.812500  0.004280
  0.815000  0.004594
  0.817500  0.004209
  0.820000  0.004600
  0.822500  0.004951
  0.825000  0.005128
  0.827500  0.004175
  0.830000  0.004406
  0.832500  0.004950
  0.835000  0.004262
  0.837500  0.005076
  0.840000  0.004722
  0.842500  0.005030
  0.845000  0.004817
  0.847500  0.005265
  0.850000  0.004884
  0.852500  0.004716
  0.855000  0.004141
  0.857500  0.005257
  0.860000  0.005588
  0.862500  0.004257
  0.865000  0.006411
  0.867500  0.006106
  0.870000  0.006176
  0.872500  0.006039
  0.875000  0.006015
  0.877500  0.005941
  0.880000  0.005699
  0.882500  0.006352
  0.885000  0.006104
  0.887500  0.005616
  0.890000  0.005982
  0.892500  0.006365
  0.895000  0.006387
  0.897500  0.007009
  0.900000  0.005781
  0.902500  0.006945
  0.905000  0.007089
  0.907500  0.006195
  0.910000  0.007917
  0.912500  0.009078
  0.915000  0.006829
  0.917500  0.008093
  0.920000  0.009570
  0.922500  0.008140
  0.925000  0.007872
  0.927500  0.008609
  0.930000  0.008632
  0.932500  0.009235
  0.935000  0.011940
  0.937500  0.009716
  0.940000  0.010837
  0.942500  0.009766
  0.945000  0.010917
  0.947500  0.012535
  0.950000  0.010912
  0.952500  0.012548
  0.955000  0.010786
  0.957500  0.014588
  0.960000  0.013610
  0.962500  0.014879
  0.965000  0.016454
  0.967500  0.018387
  0.970000  0.016952
  0.972500  0.017404
  0.975000  0.018992
  0.977500  0.022649
  0.980000  0.023456
  0.982500  0.028599
  0.985000  0.024859
  0.987500  0.028063
  0.990000  0.037170
  0.992500  0.045882
  0.995000  0.038850
  0.997500  0.043945
